85915 875 -3082 87989 74511 21239 72414 63000 87150 68890 38330 58033 56320 71304 -2842 51963 11009 74576 89656 -883 -5448 78300 12297 74835 16412 37702 45458 49065 12599 96388 54681 76516 80435 -9602 63187 52897 30400 99176 15001 56712 65951 97348 59770 85027 78322 10564 12464 7269 77058 65037 61735 44594 16920 64460 6889 37764 98142 20838 38114 -1923 63694 55909 -8273 18253 38850 56200 4294 90803 71364 32084 48069 44176 15525 16877 22848 73547 74108 69620 39722 66464 
56677 71974 87380 30283 -8422 28715 64318 -6444 47514 84061 62985 96157 23838 85275 -7163 47911 5854 59153 32636 61008 6393 50473 37545 82740 11418 53088 27051 17514 18866 12418 26427 41028 87289 17857 18122 69571 76489 -4103 89653 63950 24816 66266 79058 96763 48662 -5238 67896 44900 31238 43383 15107 61925 90190 64867 39395 69820 78209 46122 -2501 4391 31543 68767 20785 36725 80587 6487 98898 86439 -6171 71640 14892 -4608 -9873 10356 93562 17956 53327 -9520 27132 85018 
11892 57637 91197 -7149 -6451 94633 94538 86518 46830 -490 66143 13551 35908 87027 96364 20847 33396 18161 15650 4464 19909 8014 87005 27795 78689 52694 55391 -60 95792 71401 84707 79619 32230 26222 50228 7368 31451 3281 -2133 42989 85670 -7012 3149 65172 21166 29001 6784 49558 4408 92719 87755 16221 30656 4088 85771 25474 57518 31858 89663 37434 56584 12679 15349 22441 -2336 48265 50876 73213 44878 40118 38186 84393 -6949 23884 17062 47534 83549 47088 73140 23301 
50061 20529 45000 98431 73045 47531 1035 80372 47131 71102 45922 27574 4244 34538 68375 26421 93523 69529 41749 59352 70331 16149 48095 30103 18716 36935 56949 74154 15532 82262 65002 96970 1232 48452 36549 52454 55086 54184 29555 23047 88403 3244 3024 43316 18591 78195 71893 25056 77022 -4448 64873 53112 84324 2745 89698 19504 88953 97052 32709 79864 40792 65843 -5477 -1945 41852 4226 15383 24396 3341 31338 43181 30392 52884 20254 28240 49055 -361 70226 86478 92988 
71828 11156 3090 75397 67499 50630 46020 82030 8013 4097 -6094 86157 62584 89260 41927 -6684 24632 4672 69586 89323 76673 2980 13253 58583 66572 62093 60714 94593 -3139 92328 1533 93569 90778 1337 -768 55865 1552 81644 65784 7555 99310 32736 58874 69345 64016 27800 221 39996 86673 64546 69500 11778 65131 9155 10111 48039 45583 89939 25614 96533 68351 40318 19593 32530 65349 91918 74587 -1743 7548 79578 89613 10863 75547 56888 67853 99588 75017 73468 46541 29667 
90778 75807 8685 26014 18422 80358 73764 -1073 36373 -3098 51138 29986 67876 46522 14822 68616 6936 47482 -6880 4578 -8155 86449 43777 67371 16449 -7181 93219 15422 -8979 11192 30143 15106 43040 76754 51618 15635 82994 64966 90343 35038 35526 23009 46364 69384 54821 62727 75902 811 6732 49826 49221 21766 72174 94534 15834 27242 74749 93968 52294 72952 9422 22048 49428 18596 87216 27240 13892 31864 24736 44824 45296 -7051 31970 47056 -1530 29792 -7360 14929 98850 98219 
26233 -8081 61433 35268 12919 97824 66569 11801 50681 97695 76932 33262 35884 88426 26182 63283 -3854 80075 1989 21335 19421 17318 61582 65151 28952 80374 25345 89693 -5454 46590 10553 10999 -9852 10255 99373 22508 71931 53778 81834 66830 -507 -5547 2845 88108 802 19860 68347 59329 15810 89235 31498 27959 12561 9438 26996 -9806 40502 62738 98709 -2460 9670 69227 94097 64977 64293 11461 97991 61455 81209 10475 25183 -6816 99076 74360 54601 86500 10752 92922 18212 29555 
69548 81961 -1858 33684 8607 -8088 53504 30833 27972 37370 61286 94531 47113 38808 56318 23691 88339 35889 56459 25659 39055 43182 56269 99880 69668 74784 24434 28134 17778 14820 73582 77933 84044 86197 41542 58230 63002 13307 53555 26745 -2681 83507 87596 53838 56479 26101 12932 70455 99532 20118 71562 10472 81021 92947 -8636 -8074 -6699 74736 52334 30051 15931 43554 23681 15257 27084 2842 6371 53343 2979 17788 67757 42039 15814 64590 96928 68336 79904 6473 73794 42595 
58136 73126 -3134 79455 98259 51880 119 59291 29539 77415 93354 28319 15331 30291 17016 56657 83985 96730 29878 24816 87624 76537 24612 57629 6257 22112 65748 88167 74229 11244 56440 83525 4060 39163 19950 -5399 77431 68512 56081 99377 26476 25523 76504 94059 42446 53152 94829 75750 643 22989 46403 57440 21379 70836 94442 51958 47460 97450 92074 7814 36095 14526 66585 58674 51873 1963 99582 24945 26812 90335 -8636 14683 26553 44358 41324 13780 83574 52116 75901 49204 
76239 64127 77974 -7198 65674 65342 73184 -4911 49602 69454 91000 66513 91521 64324 48512 39863 -7281 33854 15190 90131 19713 45319 2020 19939 48 45513 67686 52753 61281 30199 72247 2278 28782 74060 15695 7702 51886 12603 96125 21648 48245 17400 93640 64779 15029 34358 83309 51560 31841 -1765 13824 88081 71547 93551 44280 -8505 40439 52706 79878 32593 50401 69709 48126 -1967 80841 84740 94267 42204 41766 51677 61308 28873 84896 63060 85820 20366 12592 17253 7617 -1943 
41726 37565 12884 8181 89819 99770 53945 52039 12993 -1046 19916 51065 3405 6 43902 77040 94450 60333 53684 25668 54733 67959 36342 23465 -3477 99853 79079 56974 96969 63111 78709 13321 65704 44650 -5929 118 32151 -9638 86871 98543 5976 55294 3133 34382 32368 35691 96239 80776 46906 24630 47510 46075 68552 -8664 38489 5536 99637 10262 16608 56748 27080 -5472 -8071 29344 12209 93757 53364 69449 6063 32320 60348 55134 40761 41134 56455 115 35431 81481 52274 4187 
-6922 68414 34339 25690 56361 55959 -9451 25877 30751 72774 46716 85275 93847 79959 85671 43706 77413 85692 95429 77700 37732 4701 65434 97760 28887 36284 17821 11128 -4369 93068 -1026 4053 79403 32906 -6673 -1412 67737 71337 51036 9938 10126 17506 43144 32489 59601 1795 50356 70380 82555 14422 4754 10128 7722 1044 4583 52473 98426 27573 60181 85665 68842 15260 20287 43775 71984 47393 48286 18282 90524 3038 67114 22532 65789 82316 76555 54609 72424 71180 9151 76599 
70331 13184 18159 -9790 23120 4189 73681 14936 60002 58393 44920 25699 12689 70157 -7750 17566 6930 87850 49422 -3505 -5178 22279 4073 20178 62896 57518 59466 99654 71002 89107 69916 25881 37904 31819 54854 63254 38730 9445 57277 52923 24088 4384 18064 5979 61954 44110 87906 57863 76598 98668 -1496 66868 38173 18716 48487 78178 57480 2788 55670 -9741 -4706 79723 58222 70248 91935 41511 27830 -6507 85674 76557 66175 32354 88056 87574 62736 49618 60750 -1539 51674 12043 
-5551 52401 -3158 -7600 12199 69639 64573 33906 29462 78072 54519 22023 46076 24209 30807 82788 28592 57511 79218 84491 20345 35773 37696 -2035 37374 31385 5172 64783 37065 55088 81108 23355 10556 39854 45634 62632 75810 37720 66351 -1187 94689 10762 90026 22854 -7216 72141 45693 63104 62634 30382 98788 53860 61156 54811 58480 59440 -6268 20929 43225 22098 -4628 24724 70169 32859 40840 54440 86873 80801 38623 62842 11565 58768 69471 36863 86424 11477 38972 -5684 20317 19231 
36704 85431 32838 12318 1974 8519 76842 94590 63075 41327 71144 23366 41044 29177 42820 64034 30845 84476 29199 98298 50326 7089 82095 54701 47159 5278 86243 23415 48695 20889 22002 72070 31184 98176 15388 27521 80643 38440 8972 -3752 42440 17206 -6647 12485 41371 55727 76553 588 76414 68813 39419 75575 50824 84436 79540 9743 -5703 14392 -6940 18988 81737 86540 42761 78794 36504 51485 27885 90232 32897 39811 33091 44234 57401 94908 86091 -5512 68666 -2735 23984 -8220 
80058 20771 92384 26664 30229 75766 17040 85907 82665 88825 27982 79873 18099 6892 17719 9451 46288 2413 6179 52525 63817 32432 11023 98630 21213 13871 45126 56719 39157 36380 49287 72885 81242 21541 -2688 60802 93901 70507 62675 67945 38689 58147 72307 42726 51526 78692 3157 65787 37180 48556 21146 93998 84988 17920 29742 16070 50864 22808 30768 38911 71911 22033 -172 46353 76994 45371 4007 26623 28755 23828 -4665 48843 46457 8433 25077 14621 31098 38828 25025 84869 
17473 17890 53128 80547 31798 41196 11923 79401 17676 95510 34194 15974 601 45904 65152 -8481 5257 84611 22015 -4185 14629 17372 1988 13789 16373 90158 14610 96430 46089 39538 74429 92894 23706 98327 2820 49379 90245 35757 57269 76935 68007 21735 88471 78572 26579 26675 20073 92719 95426 34780 78093 50912 86941 62277 18291 57547 56358 25807 28367 6429 -4272 -1090 13206 85307 -7524 98975 70591 15782 50093 29133 41943 84423 83186 81750 24664 50901 44348 17625 53391 77621 
46398 65231 61328 15089 31542 65240 98069 3379 43827 89865 54359 32607 49409 5979 -1442 -7601 35001 24990 53973 2455 54261 88142 21789 21330 60522 64534 10088 89731 16333 71017 52959 3059 47020 33530 30431 93220 15386 38118 23138 25978 90837 78626 96444 31677 -8054 -1242 -7466 29975 78265 94272 19033 91092 25104 82948 7383 52339 36506 -9047 8825 88230 31226 7265 32561 58895 96339 21193 75017 93777 11259 86217 45853 39635 55196 30376 92876 20987 25772 84222 3472 80377 
99909 35445 29799 49671 22010 28951 78945 -4196 55827 96513 55480 93866 57808 21047 21835 9973 70930 -7549 12135 25411 89303 26048 20220 26673 31717 39590 5398 86716 -9123 66135 1480 42847 61385 50457 37405 3305 25503 12924 76745 31846 44513 -8518 18732 23991 8804 62130 953 -366 55505 -4504 76356 43340 34899 86104 -6678 3063 51816 40968 508 33937 66882 12077 63124 -875 83935 13258 17912 6453 52280 27985 85406 60214 78003 91251 8155 74835 12651 80522 -6961 18791 
24219 36759 16558 37940 51886 8667 -7424 6698 64606 76928 99290 53210 67297 55384 44247 25061 88162 68528 81981 58986 63677 34436 6064 5081 87772 62741 60382 99909 49879 73367 63783 72538 5080 53169 85396 -9215 -383 87379 22744 75999 99659 82550 94099 -4123 40807 54436 55068 26409 30599 67046 43930 -5134 5656 34216 94134 43682 48209 60135 75258 33540 47069 44009 84048 68703 81305 38702 83123 13826 95947 96964 90253 64396 98508 3244 58813 7552 12488 49316 93717 57356 
67079 63719 88608 1797 53779 48605 85877 18614 4329 26471 69221 95653 98562 48786 -5447 46800 3340 90741 64086 86531 32697 7122 -1976 2230 -8576 98714 87137 55289 81553 59413 79799 57468 -4688 4735 77361 90810 69736 45642 20930 -3271 58983 61518 97876 75685 56430 4111 28129 60803 53069 21293 59040 96051 -443 11494 41941 72648 47653 81968 -7629 42465 28470 84720 26301 2839 42070 23451 11821 -2964 18194 77811 81837 59701 96069 94688 14909 65236 49200 64338 12204 59085 
17423 56221 15641 32727 96221 54275 53263 59998 64328 38903 80026 74505 60014 73188 17494 -1832 58344 92110 12221 35298 31426 3329 40226 99675 66826 21944 -9635 24551 23276 13968 23835 13032 14548 25703 93577 77890 71180 96427 94271 92587 73126 61401 78761 58863 74523 22905 31916 22058 30297 43835 57849 42400 35821 87804 17578 96654 24950 16527 -5416 66248 43792 68482 99329 93652 40563 94589 12685 52420 42086 21609 -6956 74091 59347 45957 33648 30767 36486 77725 19975 48770 
6135 84708 91671 44094 59862 24462 60540 15166 16328 38085 45092 33337 43499 72700 -4851 -7476 -2329 52971 22143 -7488 49950 51164 56387 12465 55289 15677 76509 62750 58660 39327 17745 49602 14265 84211 93938 16523 -8703 33560 73853 85630 51078 42002 50012 -9639 51928 -8504 60409 51853 58641 90420 17291 49041 48744 65592 82630 74361 94413 80436 6699 77395 87739 46921 86729 67220 18332 94098 99455 98973 35418 7584 59736 37528 1597 13838 49655 59315 36698 58776 37485 96422 
23336 13993 78567 40674 25927 67273 23189 95920 81244 1666 75912 -8739 22908 10515 36380 -5178 52652 78083 50805 22414 92568 26944 39542 20166 2091 88666 -1247 -9018 75514 -4600 20776 14608 56674 20965 66711 45885 -3716 60332 -3657 81722 21247 68336 57492 93957 1002 28345 79263 43534 50528 53448 76611 33185 98908 38584 35513 19317 65980 69398 63272 91244 86860 61490 46675 95605 25047 -7424 1415 45012 85819 -9892 53020 71831 -9366 6270 -4775 27002 87035 67529 82141 74376 
74589 10789 80480 62254 79961 94722 55258 91303 29071 -7467 51108 65947 6162 99893 95431 40722 54658 18140 46770 64947 18390 29438 94643 43981 33969 21223 -5934 51956 -1298 17454 43975 30719 59721 16318 19896 84306 32135 48058 2563 65642 66044 6386 89801 -3061 3376 81851 73064 28818 8228 29703 68605 20028 38564 14598 61053 61498 63277 94119 62174 41178 89689 15655 76303 86059 95803 69707 78893 99238 38335 82362 19155 3649 14330 91911 86955 8356 -5587 85522 22714 95161 
69524 76455 3183 38 63805 54145 64376 94718 24160 75483 89572 6817 37201 10129 26878 88 45600 330 40032 47772 -2428 20778 35019 88923 78761 58325 97701 -4886 81795 61151 -5649 -6387 76787 62129 31648 27220 35222 62254 56172 32441 80727 94308 85394 86312 42016 19182 46226 45467 88639 81596 57128 12560 70821 35598 96738 8901 73475 70114 12542 50091 67591 17116 96377 32072 36445 -9892 76448 59852 92578 27797 50935 34715 59726 46554 97913 18218 21532 52936 3802 44994 
90726 55756 50964 28299 44577 9210 15938 11621 55163 19962 66430 59137 32238 91267 49800 57971 43013 18979 34901 83422 61740 41135 8336 60256 -7448 54324 77222 31778 60472 60101 -2234 29074 -6175 61590 96129 1126 86360 85818 49758 32650 52140 30570 69005 21698 -174 51976 -5503 94780 65423 83583 70652 63122 -6497 31461 169 80835 99167 10044 95031 -6879 52456 13777 4262 16463 13339 95220 63346 1598 45502 10899 95084 40992 92950 90901 99108 -3091 4895 89081 93479 96570 
81541 -5007 83183 74471 -2518 37292 47399 49014 58563 54781 91091 14320 33654 71186 60213 81259 2135 -1796 41295 94305 96740 71303 47210 6682 36854 4418 35726 30340 27494 75898 44902 38230 28879 31349 43850 99321 31412 36431 -4914 53234 34997 56021 49715 80245 48505 45592 34344 -1314 81345 16113 46968 17096 57447 21797 51147 45714 63000 44353 74235 68138 75831 86750 75481 18797 46241 4736 -7321 62911 30564 69548 31280 46250 42840 41465 51764 -6159 90395 56431 33552 36862 
3064 78466 41087 62025 45868 19056 3294 5996 71440 16043 69316 -903 -3627 89756 72083 14074 73879 77443 77815 1260 6048 15476 97438 81429 -8759 41663 14840 88992 64733 60397 16665 92019 84459 93588 66032 70425 84202 71800 7276 73179 30419 31989 47100 57181 49251 81520 1847 65343 85252 40166 24675 89102 22045 27369 60649 -8254 94626 59448 45563 59704 85675 83280 10637 83434 60572 93098 10902 13795 83832 73617 70820 50201 81115 -770 8181 -9438 -5208 77015 47739 843 
13410 40344 81813 15035 8708 -9392 99698 90770 40289 48623 34985 10275 57772 9951 63777 34678 5856 39327 -1996 91640 88878 95987 11221 48328 19130 18436 -3102 36307 26821 34610 33063 27500 6399 49098 18650 87466 4373 56541 78353 53900 13478 81937 33172 72949 36014 16201 75984 63856 -8979 39979 85972 11871 -7323 58981 89535 71601 48766 3159 33358 30697 5861 61759 29638 26367 -7688 35504 49665 27317 10126 86498 91908 2430 42550 28956 34709 49311 73222 70005 69309 1314 
3702 38887 80685 72317 44537 -3 36259 80728 85961 39438 9250 27034 93363 39391 26040 -4409 80480 -2454 78710 56042 -1825 93375 60022 60638 3199 62815 33390 53796 79840 80538 22984 -6772 60877 56039 44125 40348 98025 21418 24310 76521 4654 61335 59695 19696 2678 84632 77454 48855 21533 12569 -7577 61771 57832 82962 13942 96515 38852 43928 60525 91008 38094 59249 95656 73117 95871 1035 5400 63774 82290 37059 98127 -9039 97612 72884 28991 72499 51152 16924 22088 72502 
75563 52443 77470 57956 40487 45659 24970 83649 12168 95506 56331 95632 39477 38532 27945 96605 69370 51204 74185 22006 86416 14959 78835 12074 74182 48166 -9403 66078 21969 19549 80067 69449 91918 65125 37687 14231 62099 71824 40006 -4915 -5536 16843 61688 63516 25560 7604 88163 43039 33732 80788 62003 82681 -442 -6911 -7357 81313 37139 48888 -7865 88275 86150 28928 27999 -903 11117 58073 17829 87471 96659 14609 94528 95914 79714 -6149 15338 79080 47819 36946 16524 93816 
22907 86231 25488 19615 43407 -9077 44585 49066 93108 39143 30183 97423 45080 92058 6232 57920 54505 61154 69953 41367 20158 75923 10054 70181 21294 49290 28252 91600 59220 6078 -7265 97819 45262 93056 32842 23122 33420 20017 95548 21564 27815 284 44160 -3287 53891 57222 16999 30044 50215 -1915 35025 36175 76571 27661 41695 25005 30887 62568 624 -3331 -4783 -6172 7363 6804 -1531 35398 78389 -7555 80513 11319 63229 -6207 75014 27685 30893 -6407 1278 43473 59711 85260 
36851 68197 76659 5709 4990 39806 19563 17645 -5648 -6234 49908 80236 93667 80203 -8037 -9838 45760 21804 93050 6937 90466 25818 32044 17136 70380 15731 53232 25029 74574 32396 82065 5314 93186 48304 42862 75757 81506 91533 76409 46775 60806 92719 79008 -4804 25314 20019 6517 32199 36059 4869 78653 92563 71085 55553 5688 19445 -7800 -5572 12299 74400 78861 26059 -9875 43227 57863 22991 98434 83787 76411 3410 17460 39768 15662 89224 31963 91495 42385 -3510 83776 46942 
-1475 31221 -7908 51921 8346 50337 42566 15895 67709 24398 80388 85583 31158 -2706 85199 40093 47550 10591 33915 -4750 39219 89208 48393 82929 53490 26823 68218 63556 8118 46974 55034 41308 -998 56772 69978 21666 58640 2044 2760 31547 14639 40156 86297 1061 70668 35222 6361 86413 83317 85720 85581 29829 -4458 50576 33865 11955 82404 33270 6622 38544 19366 41591 -568 52121 -5233 84520 53961 31219 86031 11472 37575 27390 61733 87198 60272 -4316 -1426 71923 72653 39911 
13608 78506 32921 74182 11765 35297 32465 -9763 76401 23353 34293 -450 76429 49393 84543 8947 44041 48738 96018 47381 19129 20808 96617 94970 79028 4327 4590 61308 99590 56668 24110 49846 61534 46846 89264 70799 47583 18973 69368 49315 35977 -540 50689 28254 36080 42988 31321 19994 39930 81497 8519 94465 8212 49051 -4499 48091 13954 92963 73459 16697 64329 38913 55361 99742 35432 29656 12374 -5160 36741 -9394 31202 48264 58303 50279 42093 33306 16801 49575 67087 41962 
19751 73246 63238 55464 -6701 72785 -7322 17376 30729 74693 67927 53781 54074 19718 72156 27200 16299 95953 96549 51305 71663 37703 65602 24657 54241 -8858 9328 13041 19200 47724 69905 39159 31616 37692 83978 83714 41942 14760 -6887 83568 10353 -3816 36778 2621 36533 75609 67453 62678 30016 41014 22109 23182 83253 89521 49249 98242 75206 64096 40472 53257 67442 41209 68636 59160 98606 86197 -5497 23661 8717 7120 64063 79414 45946 72530 40655 220 10009 50436 76360 76002 
33526 2207 42177 17959 54255 74445 58956 13931 35823 45007 6939 66805 75890 67796 81973 94830 86511 21290 -6409 79284 7766 84907 14189 15665 24528 71334 44960 40942 58055 40221 88769 46137 -8562 78718 95283 57875 94726 29641 1276 58386 3773 84207 84096 87239 74651 67045 13374 42238 13201 7206 77599 65274 55424 51873 40539 48793 66941 -2852 70259 1571 89257 34539 10880 78114 -6504 48427 65937 78524 25566 13731 9275 74094 76982 52216 68405 90339 12298 73366 39024 6112 
41521 97941 99764 4804 87497 11934 96393 24968 33742 40383 99837 -7141 63151 -750 26401 41325 51598 7526 80826 66740 23110 54726 32330 888 4880 28534 27205 81585 68234 54188 88330 32502 99535 18288 76891 2468 59050 9532 10018 285 21308 64346 14012 20205 86771 47423 -1593 90635 -4953 46018 21835 33284 88101 -2184 52635 59224 72910 85094 70484 54690 56466 66115 47442 18552 72699 76879 14555 28573 15449 1916 2022 50182 14287 22282 82751 76578 32935 99231 97008 70822 
27744 58024 49084 5762 75340 95817 34630 78749 43353 69483 62175 61055 42628 -3491 -9354 89496 51036 66085 19512 16032 97765 96476 85038 7450 13643 93229 99089 93644 3779 59231 80701 -2660 30430 95467 -5760 28042 16024 90944 26068 84857 3378 55198 2984 58818 -2695 78457 76474 -618 48311 32724 25246 37988 94737 78936 24571 97427 -5224 1704 81269 2963 70533 3917 20226 80922 10769 15701 57311 70165 6805 74860 80978 16216 98496 28214 98618 70349 59894 91983 71479 86348 






52998 37276 3505 14831 78344 15017 69641 4875 88650 87311 -524 71981 -3009 48762 96057 66936 27216 5627 67699 71850 11517 81888 7489 76180 41279 65963 41127 22411 37321 88586 65352 63288 52235 2005 53066 12702 81649 96000 41431 24455 70320 95342 76193 94946 7315 11440 86565 55880 15107 99976 93748 18098 75369 27244 74302 36687 93122 67486 -8503 42211 72128 69866 -6476 66610 92844 58768 15934 3088 11144 74748 62457 28453 22791 34454 85895 28568 99755 -4831 58579 23695 90045 7735 17642 93788 65338 14263 79356 53226 55418 -1258 97155 74964 38414 3025 43570 54936 27725 34835 37932 37003 -3164 -9393 34967 91871 7512 92022 49936 -4976 79772 29829 -8843 47966 41495 -2249 57561 85154 59624 18244 24095 28069 
90325 18258 51864 83244 -3187 3813 86403 66059 52174 45593 64793 92275 42333 7979 29195 30882 96536 17572 28125 72871 35323 44274 63904 20307 58891 21823 65910 87528 39413 -6929 26345 93048 87081 78565 2533 -5140 10760 69962 5091 38483 87440 32113 62117 83870 98978 36971 33446 95948 46376 -2357 98366 16225 39004 66988 51866 35755 13243 19704 96826 5042 53433 88632 73932 20782 3706 24511 84019 32087 78307 20880 53609 20155 85841 -9194 80785 527 39975 43929 81553 -2408 72325 15185 89529 2970 55259 98952 55485 47937 71672 49609 97092 38909 49314 38788 37588 40783 18301 78150 87819 39533 2945 14394 37108 77133 34523 65053 68995 58895 41056 43299 36681 48513 50816 85416 43486 44288 1871 -3619 58439 37245 
53706 90178 9827 67221 61262 80177 61532 11380 11703 31047 13358 26251 40698 69497 -2026 95768 90188 73072 4722 87203 68116 27810 69120 61353 16729 -3119 17318 90105 34247 73424 91613 15288 12440 19039 85833 26781 40163 73278 36802 1102 49976 92422 52207 42830 509 18553 48731 38302 28220 12982 90895 8982 43754 8073 40831 28023 88267 12304 43243 23376 42296 -5016 36499 37001 29961 87047 86737 77843 92992 82994 61961 93286 94261 86606 18206 54921 61438 751 56785 42270 8757 10187 17829 25825 95787 9220 84185 17313 9652 41890 11978 80700 75273 75160 51309 9023 4829 89627 15954 64921 48698 44535 7484 31920 24136 19106 69689 19272 58008 43490 -2465 49976 90062 93839 -4239 26161 6378 5666 96286 79738 
68978 4845 98572 39856 8598 5930 70931 33447 79959 45483 18548 60595 6140 6129 22033 96027 5393 71132 23250 38865 25814 57104 11003 14223 59033 1784 31368 32166 1188 73906 37395 48081 76468 -1952 28945 98815 88004 22275 -8643 -1546 38353 97956 70996 65863 74287 78910 2414 81103 88727 10077 24663 24701 82158 -8996 78911 6142 59465 23480 63220 27745 72532 88831 53456 70613 56214 2580 87696 29023 93391 72409 71176 76406 45617 51578 29718 10246 23658 66115 42263 3717 65508 55452 77414 -3242 11128 -2133 33447 98372 48332 32746 -7942 5290 46238 58963 84399 81420 1430 72515 -8909 4140 97836 46009 30874 91520 84077 38418 70320 47232 23279 16313 31578 47168 43654 97499 87083 24256 -66 55774 80471 82148 
63540 53032 13127 36989 18963 81679 78377 -7368 3099 86153 54656 59943 35639 96310 32480 80749 42951 9257 82520 10559 8976 45651 27737 59141 55670 20808 93310 47463 50882 80043 54316 32654 -9121 53204 94120 26536 82333 88377 5478 50557 47690 29905 94095 16885 43352 66750 98336 83601 15090 79918 19616 25694 -2960 24403 36881 89910 19107 87932 41922 44586 55608 61382 50499 22546 85904 88962 27325 65086 39260 92354 11025 8369 85916 16530 95685 12310 56596 17811 91281 19921 42716 18314 4212 98437 83634 1956 -6163 99356 62236 52941 -9179 92379 36519 81236 72750 71765 38694 -4027 33962 11592 46541 7751 9985 56566 29322 79617 58152 97004 30048 69806 -6525 39681 44135 8619 31282 74313 11285 31610 -4808 85841 
76382 58092 -1053 44635 4163 36066 3076 32565 20002 -5762 72810 13059 2347 37206 56435 12367 3937 86762 43760 65387 5561 21990 77197 86460 56337 82997 -7087 66927 96752 22472 -9300 45930 97648 92955 84187 36000 83114 94191 33851 57778 4633 18796 19496 68446 76719 43397 15197 88015 47805 29478 65839 83017 88826 -1567 96212 40154 22338 29015 21964 51041 39032 69646 27493 -5828 58037 70985 25911 25534 77159 25235 86710 77282 19315 79938 62464 61957 92337 82859 -4939 99704 5323 64273 96138 68256 68713 25294 98174 59569 48065 -6967 16323 20432 72721 11605 83334 85436 59104 92213 84236 98433 24627 75990 56384 26837 56706 53212 51865 8297 49458 67944 89045 57898 36925 4317 46390 14287 57521 74346 48358 45744 
51669 20412 43538 11638 16078 50727 76410 94633 20464 62327 67689 39600 -9737 55417 76317 36020 37773 -2489 62398 28472 98646 41487 34636 14472 41328 70108 14809 90258 68089 3218 47353 47926 6860 34467 87984 75136 -7241 -7493 8074 24988 60755 626 -7733 -8615 -1359 50105 6294 26136 -3428 3754 66747 75323 12948 76090 65649 -9293 67794 31154 57647 -2121 53567 68764 84400 59716 85807 64199 98833 69336 77278 75823 97786 62993 78889 58015 70380 72382 31891 46511 65191 64058 37318 -268 69553 55235 2047 48857 68872 11756 32984 32749 -3718 16241 43804 40662 22819 46141 15152 44905 37431 38428 43452 53331 6644 76144 94435 77895 60237 37456 44192 72874 99869 13885 41761 29186 82883 59962 20769 89226 89058 4708 
73442 78055 53275 73904 97769 88119 20820 49608 86985 2780 92007 57816 89455 26363 13979 -9986 36182 -4800 96471 69287 92715 39 72587 27562 47639 77950 20420 82478 92918 78333 49571 61370 54103 95032 58229 60657 60097 16054 30967 26829 97692 79082 92709 89230 63042 8241 81149 16496 -7358 88567 15165 75581 17210 32334 56452 48687 66562 2051 64937 28736 -4474 26150 89685 71003 14871 72988 51114 59754 15400 44216 14948 78486 24570 74703 86234 70603 71448 9345 47414 73975 23353 22558 -3679 23719 -819 79096 30601 98396 88498 -8762 53500 17267 82509 58439 50390 13085 2303 84532 -7178 69086 80099 25730 30009 37700 -512 75023 75146 55764 72370 3952 -359 34226 901 10350 9464 22529 12975 47947 -3289 99896 
6029 7045 78468 40746 23321 97504 30855 13233 -7448 49848 74752 -7669 2870 87903 17323 48179 19085 63893 12763 -6887 81054 79347 99351 62821 2494 52761 -5009 61617 -8276 43868 56492 36389 59892 94825 81959 85746 86887 -7982 71990 95975 28301 16873 52370 80678 21538 99227 50289 39255 48211 94070 23344 62107 95267 6158 64209 97582 22914 4089 34123 3698 53005 4769 55971 74014 68432 29614 52049 15129 1374 41326 -8491 43836 17894 3297 22664 95492 9596 68897 50308 50543 88736 36554 97221 92658 25807 56107 81929 -8934 52222 94592 5828 63679 5956 91105 -3951 41830 84227 94864 60145 56777 88691 84305 21575 96186 55646 55260 78749 6435 -6871 98016 44321 93786 73429 88031 98671 15647 2371 40246 93594 48679 
69079 37220 81405 -2161 21731 74171 5863 14611 99854 83432 89347 33358 84820 59004 10441 27579 39706 -2191 69672 -5679 34422 70280 47747 90285 29054 90346 21343 48742 39121 36378 57477 25932 13703 99430 46359 5211 89202 16914 3806 65799 3176 -1292 2207 8179 22001 68357 35922 89533 38408 63542 43084 -1235 2685 12732 16126 43975 81112 30748 19075 70511 27543 13932 73023 95145 12408 62512 51408 30187 18626 95225 81867 39296 72475 -1811 74587 92308 35667 41582 91678 20646 69436 66520 23539 10532 27351 76676 46016 6602 -3860 -7263 84457 34524 59846 60319 6935 19965 17200 67711 63837 94085 74725 85965 52501 5836 -9998 78401 57598 42299 77127 27736 39114 36166 70491 48689 57552 51210 4436 36488 13328 43519 
25638 18231 23047 81889 74970 -2271 78943 5175 74799 95017 25253 67688 3783 67974 22625 20273 82212 9544 22704 92369 23296 38596 -1174 21068 46648 80660 31768 31290 27630 62326 80103 57327 91022 74876 5794 98218 90842 60634 88251 73846 87963 26301 38679 38877 66715 32757 84257 55865 96790 87619 50364 54668 65493 46268 56909 58983 -5099 87092 28181 33342 14276 78817 17197 43585 26266 -2247 20039 91319 7077 5400 32685 13704 86886 77169 95878 17625 62500 15294 56590 67398 26359 69571 77115 96220 78315 61157 92502 -4138 24907 1394 67444 94208 97678 45385 39519 16932 15686 3716 3810 63449 34913 525 41395 57479 -9467 79690 10690 33879 4705 52857 18004 91278 23484 88870 76203 87445 55426 52020 83492 25757 
10360 30559 8900 34944 4245 80299 17889 10436 14695 41034 13520 -4477 80813 51965 4221 58858 46145 25258 23560 91696 16757 40930 55221 96697 84703 57910 83108 28921 90869 47145 97955 15789 12678 99760 74124 73601 85084 64112 68269 9018 23385 78229 80005 77147 10346 11763 -4146 7309 15894 14708 47774 70806 93671 54622 17588 -8729 27213 6912 70808 55877 -3006 -6024 33841 53533 65462 35158 54303 44664 71373 36448 -4432 88987 67230 41813 7665 45716 31083 32601 31468 14224 75718 79974 88346 88369 63755 60487 26707 61760 35969 31297 37763 21072 46898 66338 -349 66099 -5168 95874 46741 42291 77957 26158 53874 93161 -6020 58001 13672 82018 95688 9248 -8037 59476 28252 88023 91577 10633 97321 71368 21533 11893 
86469 89495 23165 54501 30244 91061 88034 71356 45399 -8787 67771 86948 16986 -5797 96377 -3401 57660 11909 12149 30050 25076 12158 5543 61635 5940 3944 70870 88287 -680 -3781 81625 52733 12165 12561 60543 63029 99184 -908 20546 65524 69458 78423 52171 55118 47121 58869 65213 -2050 15230 52103 57564 619 2363 38862 11366 57141 6394 78169 83487 7674 46676 93573 -3212 -7070 34589 21722 55222 25663 -9394 41676 54192 -7375 62046 24341 90744 -3671 26821 75411 53788 92765 5175 -2733 9692 69647 7724 72753 80827 -5118 81018 57408 2124 5212 49125 12108 92709 23971 7370 15103 -9860 25751 57434 19643 30420 85375 74896 90163 25869 36433 50244 71877 31415 46176 73928 61205 57409 89080 -6347 87510 68494 72251 
1621 59093 -494 84966 16404 85652 16439 99883 49067 87900 -4425 94264 25156 34507 17651 71187 36684 -9414 16472 56850 79725 63914 23034 69468 -5667 80529 -9345 43877 62853 94368 28128 41077 -1067 27582 89389 37696 39267 86695 -1987 37706 -9362 81845 79816 -7370 -8531 79610 83443 59741 23891 67713 66157 81994 5735 67229 86886 43495 63218 -6321 33264 -665 62608 48326 78830 7871 38155 81902 23549 99252 52351 84799 65287 -6247 -4102 74599 49641 89850 84377 88416 47577 23290 22676 43425 20331 28964 27777 59351 99326 67988 67468 66767 62908 60846 57348 65424 88752 5229 84583 -1825 4227 74639 12518 37381 14499 63387 57435 70157 42789 52832 52206 29275 72196 89111 68470 47086 15259 -8840 86619 92757 44867 67150 
66903 20484 87880 84671 89965 78958 71713 98546 48335 62080 8026 26432 78133 69330 10949 91560 78030 14865 13081 35695 69151 41298 38055 71578 30354 23889 16446 68989 5074 84072 13308 38285 98702 56017 80907 45237 98741 2033 -3909 87007 47846 82290 -2086 57073 95757 60052 25712 41314 10194 99712 73657 88497 11266 26092 -4041 84240 66430 7008 53244 6810 22401 8292 50971 10540 36946 70500 23830 25751 44038 3561 37572 -3979 58763 6239 -5892 11461 81691 23394 91468 51309 26773 35269 52749 70644 19702 85265 53959 88587 44427 98939 37800 -2037 46674 23578 60405 14636 30581 25421 18225 27980 92927 54925 62607 22594 42855 2461 87472 72311 35937 45196 63058 92949 23062 73939 29631 2749 44704 41679 -6991 77018 
79925 82996 78421 66334 82365 40873 84097 5939 48270 74187 -77 66194 61022 30271 59503 19676 74732 -2134 23250 59022 75193 40911 1885 19085 45547 -7157 17015 82225 91500 11576 34729 14507 78132 91341 53849 30033 73635 50645 40307 23678 2948 42725 46381 38387 25760 -2447 7202 60705 40664 9908 -9667 99020 12426 32556 7217 98220 82699 16491 74043 2314 41052 14604 6596 65979 25938 75786 54937 83007 34830 64898 -6968 42472 84116 46338 55472 17357 19608 -3261 30281 52106 65212 5487 31038 95517 54375 86494 48017 40790 61135 11995 8688 48565 38614 84609 -5646 5430 62993 77151 31683 23699 -6638 81416 1662 83484 64132 71688 36863 -9620 12191 47099 -5656 15665 85351 34941 90460 7311 80508 27063 16537 53061 
80593 82538 9808 818 93455 62426 57501 65118 69807 -7302 58189 57458 50899 53521 63606 2778 8945 18518 98058 -4038 1783 42754 55190 99604 21125 69053 43323 1787 57565 57437 32256 64732 87408 24362 59409 8025 47293 82576 89628 38554 20266 1082 24860 50071 -8147 42195 77942 -4744 98853 17658 43658 47313 95914 78896 37382 60794 23050 84250 4280 98201 47755 63182 89831 24699 74289 89083 5774 64483 191 35666 20906 51703 53495 -7678 42008 -2295 71293 -6218 72879 76964 75924 63423 63434 -9938 68014 12105 87686 74518 37682 -780 4963 -5199 48522 2318 -8750 7904 60079 15193 81935 34155 83121 22342 75588 -8379 7825 93020 18618 25418 89685 81221 98730 73342 23670 89902 62299 51478 5335 3141 -1912 26234 
98303 49842 83200 22654 35508 67955 38081 93247 38977 11920 -5430 27172 81254 82792 24836 19057 55917 47047 50895 71326 -9332 38313 91266 29125 7731 63853 68625 35916 64601 19507 16908 380 20345 23412 70809 26136 7109 59076 87810 78756 77085 64119 23889 66352 64879 17421 151 12542 90601 50102 87845 -1217 53917 45798 -8568 20701 41706 97591 20086 80639 74373 87816 42510 81307 62656 11113 85752 16895 93272 34552 98400 35788 65736 -511 89591 21333 87961 -3971 60259 -8113 75981 68680 -2298 6514 87686 11629 90418 -7948 72696 97456 7727 32508 22388 35690 87801 14722 13574 -140 21305 51056 90426 91762 57952 76150 49519 60668 41676 69912 94260 52846 13696 32035 -9794 19655 16174 3678 25787 -3942 31154 -6784 
38645 34779 32656 8682 68586 80567 53927 12768 -3641 84694 72639 -3409 99209 55712 42327 1572 8603 20617 84737 13233 87802 36018 91982 16084 93753 50094 24466 -8405 84248 36234 -9896 12056 24524 62099 30414 15076 48574 -6142 78673 40657 15053 45684 29385 87135 25591 47400 13717 85117 46790 99659 22968 37757 37073 83143 99174 83348 74336 36661 19708 57933 40469 92499 78075 -284 69206 52563 95973 45954 55160 90602 67157 23140 35060 3603 59977 10050 55245 49203 9405 38144 40253 80895 82317 88657 71451 24508 49234 42481 7223 28481 34997 45773 73423 30605 89788 23082 20000 -1782 2571 6193 44428 29336 67336 -789 9957 38064 17239 65098 42945 148 43114 71516 67830 78298 -3948 70292 49860 84351 42166 -4361 
58019 73970 16546 46788 19080 93088 76847 -9882 56424 35077 26678 19032 8202 17018 50197 76690 95926 87735 4482 22034 94102 97274 33599 31588 58311 64580 32506 51190 41693 57497 66819 37422 94106 78160 83935 73038 9910 64058 73040 87724 72111 62915 12420 66921 10197 -6595 34982 30602 94015 68055 -8698 14169 91024 39634 68168 99048 23614 8854 3553 27457 66568 -3559 -6953 28871 37352 -4455 64063 54533 62425 37828 97192 4937 59105 70166 46958 12508 41705 -4650 36719 -7145 74977 6590 1464 85336 1414 5877 28609 27085 64340 -469 2956 42220 82014 62900 14926 81045 69095 73333 75664 -466 69642 29828 9651 14437 47741 83728 39951 68233 65511 90210 47498 -8492 -3886 61793 88546 74217 6478 25130 45403 85060 
-9447 3419 65322 42854 8924 3923 47598 48480 96653 1137 856 32222 45028 37645 92246 78546 85684 -2416 86994 41192 -5992 31899 -87 85947 783 -3135 95195 30406 40762 20557 50086 78981 13529 66157 73794 84971 58943 -3002 5982 4539 -6393 51125 42497 53855 10299 -4278 85457 68051 71803 70102 32854 24968 870 40381 46950 88329 71116 -1123 51850 97694 15466 47417 87396 85296 -515 85576 95234 -5040 70291 44967 4499 -8315 35264 97229 33831 51585 24016 70662 93277 93762 60177 15904 68596 13226 -9281 14428 26322 67381 36849 45160 16921 -6674 27472 69713 99444 91233 74077 -8373 60562 86239 69021 68316 15318 -914 -2659 32252 10296 34730 62218 33912 92557 56765 21890 24944 64884 10988 79161 26207 -4404 35900 
55170 76843 15087 57655 4709 72766 81928 39084 59680 60153 91244 18961 60414 92373 93588 67760 60442 80401 71274 78810 82335 -7058 -4516 76872 25097 94195 63978 20718 519 -4713 -9017 68045 5703 71885 36894 7047 29081 3477 -7990 97920 11845 99339 34278 24098 62554 -3778 11214 18921 57310 33276 80391 51622 76631 12937 -8496 17608 50821 69823 10050 90242 -1517 15914 38332 98550 24960 93146 25195 85852 43060 11508 74073 95816 27559 53480 75004 93321 10480 74561 52347 46821 21579 56320 98665 17514 54178 21943 33289 29045 -1541 -1001 75448 45138 77913 98044 78414 26661 73505 2690 93731 50460 90841 78801 57147 65695 -5721 16903 81545 40411 65067 86290 99089 12625 39280 67789 95162 74682 49313 67865 33084 31518 
98637 -7488 68512 87851 44052 93764 58644 46877 -9407 34275 29714 98358 73238 40757 41333 81861 46521 53847 35636 43933 88066 14361 69073 40757 90744 67674 86678 44233 79252 22855 30282 -796 -5156 30308 92150 51855 5111 45469 85170 1140 92975 33043 4560 45345 89908 37259 27058 4842 32597 54561 80011 394 41689 63642 7144 37584 38281 40240 5720 53326 28106 49929 82561 4844 55775 96734 38167 77928 10487 70381 40409 90911 85976 -9696 94964 67347 66255 97075 3731 13630 39142 44543 11040 37239 52320 35233 -6864 30720 57914 97121 78691 545 37079 8719 73378 55559 -8797 57949 39040 11327 88149 77896 70786 83130 67792 53491 8917 78115 76810 64694 41018 50076 -8402 53032 97211 40436 -9121 9809 18824 -3390 
9024 92913 49600 98318 52770 69873 22307 34695 49086 76314 47958 74901 4832 -6912 19225 -5261 47103 29918 80477 50807 94770 97248 28074 62586 27164 88388 47124 89985 59032 61505 64121 19125 5660 76666 40842 2331 20223 37282 27829 93559 84594 40420 22523 91773 77074 7904 12699 86730 69505 84148 73038 6027 4117 1621 -6587 -5431 70218 70985 56725 35475 8155 90984 53870 83562 15470 61251 80458 69069 50860 59762 59259 36473 19918 83069 37649 71482 85500 -2848 40305 24231 -8755 72844 -8807 29057 64842 24442 -6603 19746 72698 21184 -8733 45382 49632 18251 68726 51464 10359 46321 70350 83022 89186 90663 15548 20349 30587 61362 -2478 51475 4623 71401 27490 45379 51992 90383 22433 47798 54939 59414 81444 71975 
13217 65750 28424 22949 69749 54457 61989 34127 51845 34339 44264 60132 68650 38236 73578 7081 10739 12015 38450 86838 96158 92545 11173 72360 31672 -7393 -9364 23970 66533 81891 31084 34305 26613 42704 25858 40940 42720 48633 54919 2055 12660 48601 4678 14952 13613 71612 64527 75052 91203 38272 13521 68117 19572 33314 -7368 62598 81214 38246 77175 50484 62037 36607 41288 96350 44095 10526 9410 95000 34656 -6529 70732 -2375 88176 3422 8174 24288 10879 60216 17477 28023 7593 58283 15014 14626 20207 83444 34668 87155 72893 99234 81617 70149 20380 31549 60876 63240 9777 816 2995 54344 99478 38633 80967 76553 18949 66206 32456 35569 93057 -133 27 37424 10606 82289 20684 50411 70297 17046 19946 55173 
8835 67039 21568 88251 69741 70945 37612 95737 97048 10198 11140 96354 -9515 92742 95455 38662 29346 -133 94193 19219 -5492 13028 43510 50582 -9749 56326 -6419 18989 26678 92206 81799 -1784 64112 98131 35848 64329 88822 40069 16274 -9899 4647 34952 97236 64497 61723 -9361 72359 15477 70028 -7721 43485 99024 19646 7937 1671 6122 7199 54598 61869 50809 64408 21666 78041 54044 -3156 71706 37220 91713 68303 50058 1448 59498 21124 53774 72780 82037 27567 42482 70474 54196 82870 -345 28814 51602 16744 46448 88466 1769 38285 40353 63152 79369 80340 91563 77218 43972 13500 10433 79597 14854 66190 53033 87058 -4379 17461 -6316 95175 58416 68638 46430 61164 43463 44719 57947 15086 88450 36375 89978 94362 3537 
84936 82201 93069 85285 4235 42897 -1710 98872 95283 2937 54547 80489 17020 28170 66477 32480 53041 66468 15538 67593 44053 85292 43765 65975 16255 29422 32250 56877 76960 61937 3554 5660 53999 3329 92855 -2118 95035 33178 45422 56111 30665 -1708 92299 82534 2638 89529 28457 21053 66522 -4911 90633 50552 9882 94694 69272 93949 20883 61347 15776 59846 23751 44557 -7890 94182 59320 54557 32147 47222 48601 38151 73025 87650 71037 -3124 2497 41292 91719 95310 48708 70412 2762 64104 94563 69925 80373 -9261 59295 55533 57610 17143 92640 33785 99537 80404 2142 25408 76201 37112 99091 24733 6125 -1602 84650 87672 33573 78273 97047 44208 51886 60472 -703 93328 -3111 76210 35580 35479 -658 79074 34437 75340 
65304 91935 -3643 25212 78308 19103 82106 97287 49770 63726 9874 15887 96898 -7812 68651 18077 78951 85133 -6620 92629 18559 48040 24125 -2063 31759 6762 1950 23633 50571 77335 22637 41575 25110 69666 28323 96705 -5776 81761 1386 62525 3806 30369 53592 42203 -4047 -3387 33556 4399 96052 20404 55750 86670 57646 90065 6982 61712 99929 10432 10451 97329 59584 -6037 76849 94041 46625 12526 39119 90376 62863 38982 56499 79431 96381 19747 82566 45719 93173 91079 69043 92137 23716 76187 10844 94943 24143 42258 68778 32651 -5173 53765 81808 49696 31469 20528 1248 -1720 20839 93220 65551 55812 72030 20891 62496 83040 20050 75666 9406 77726 79467 67943 94649 11692 6155 -4301 42525 29805 30187 99215 24693 85414 
75867 39503 23623 83393 32221 94130 35850 71574 81328 -130 55335 57300 5820 -9022 71412 94371 -2189 57733 57934 35434 9441 64758 9867 85813 62298 33932 97464 47877 58503 37506 21925 5947 47049 25772 -6901 18783 68420 83727 54941 94234 5689 74297 24364 20314 57809 5465 88077 65367 55441 47741 16101 -7966 34399 57953 32195 6303 33312 74138 46349 48890 28337 48009 34143 68144 85204 68401 77715 92175 78406 61003 -6543 40752 29056 12033 17842 76333 906 -5066 70140 22807 19983 11113 34357 43705 17110 52820 42500 31545 213 71529 68058 -7902 68637 35633 5969 43199 54959 33973 13027 36468 35072 11435 43148 46576 68214 40862 84927 82421 68962 33140 97639 -4631 82153 32681 36061 67318 42342 2435 83299 41165 
40905 46722 3331 78698 76736 35371 86290 14175 95951 11190 47948 76188 98272 80753 36172 6001 95831 97481 99246 -2716 58771 -3266 65256 71850 50901 -4307 97008 64813 68668 38730 83562 59294 44736 13518 36567 23993 76678 -5132 41072 73508 86549 56796 37789 12327 76538 85968 45875 84428 15178 88207 30037 31244 70816 25976 64936 63406 62760 58201 52317 68517 6213 78034 23114 64343 13636 -5544 32583 17213 37070 -6885 58076 64055 73981 89436 35983 67602 47545 15841 21546 73829 21954 82528 36345 68028 19151 98535 72728 94256 32684 97386 40343 33902 57454 97878 94985 94911 33378 -5678 25281 25694 25434 17796 65481 71210 43268 13462 94282 68172 90804 48239 44699 -9044 26344 87089 80029 21092 85555 86850 -2960 18379 
25927 77265 36118 64105 6421 -2685 89121 27666 93866 -1492 27704 25957 24706 -2975 19210 17490 14082 54281 60042 48676 43998 25838 60707 32194 97217 82041 -1745 78041 72769 53015 22447 36632 -6699 38779 62372 33309 -6982 41839 81265 12106 33598 71447 77506 59346 37868 76105 17236 7583 73832 37495 55324 22752 94733 88108 2246 3413 19239 58215 78016 18057 212 36344 15584 55238 -1699 1442 -1465 96558 23764 34065 45881 59415 74770 41559 34962 -9046 28974 99896 64201 67749 7033 81637 23157 66404 33277 79748 48874 17422 40259 30599 91964 10264 98729 731 16903 41217 74483 -2866 33926 11249 -5739 -8026 4592 16377 30100 24121 -8904 44177 65553 5451 97797 40649 69706 8759 32048 441 3100 92846 -9349 19617 
92829 36543 3176 40936 2413 61580 30065 84045 39368 -661 5121 13634 46896 59075 82432 69636 75398 24674 81717 53283 99663 7648 91992 42299 19150 2883 72159 -79 61390 34611 11183 98068 85432 28446 26903 30813 40804 38740 43773 2752 2395 45227 95482 54476 31048 81216 6778 64939 35754 65658 62669 43857 87372 63883 62614 -7187 84471 85375 11150 37721 40921 15279 43473 39454 47896 39550 94955 69762 87192 84580 46787 851 38277 -4552 49035 33158 4193 69106 69999 95241 65381 21413 -8172 69569 35255 6310 61933 50569 -5929 35516 68137 27987 85257 17728 73637 59110 73223 33004 46177 -4542 73875 97020 97853 79951 8051 3544 41691 -2054 6285 65133 56525 1068 8134 36511 67852 56919 35976 -3574 -4272 41788 
56161 21824 56569 23592 36091 98221 27798 19631 12985 10581 27579 90412 54917 13644 45656 40534 94518 15166 79529 98054 12960 -7043 40684 84344 99659 6623 2552 57833 81494 59838 74743 96007 59179 27725 -3383 64621 98789 77900 18566 73815 18618 11098 56628 98616 16934 -9641 98775 80249 16361 -9894 65051 45157 42742 92981 28876 69016 62372 792 23861 20650 49017 73631 88105 77968 29515 22145 -7562 14049 37202 90665 -4242 7510 93813 74443 88293 68737 97265 70424 60397 99017 3621 47384 59847 44890 38990 -8605 83762 21535 72877 22487 18234 16798 75487 82213 48621 26583 43224 71477 20561 7446 9161 45032 31783 -2149 -920 21338 -1130 26399 14786 19403 39227 6645 56591 90496 -1150 86951 52826 -1145 19542 59229 
7992 24341 78867 50642 74137 33023 92332 82066 50334 10353 613 95317 65297 47389 72359 -7103 99076 11307 19393 -8121 1674 4327 87201 -7912 4368 37425 47325 68632 12686 87281 -4391 -7212 90383 35595 35700 63876 22123 -4721 6617 4110 33409 9610 94739 6314 9234 86429 61888 -4143 80545 87054 48345 26878 43346 25021 5815 16624 30281 75260 98183 90386 83460 31566 43068 22713 -4123 69165 70411 64655 79841 83891 62061 8564 49328 67158 82609 3114 58077 96139 97195 1235 79965 80653 67256 71039 80221 -9187 13391 72045 51533 84086 92610 74003 18737 92268 52488 33044 83990 14074 3580 80301 78600 -3664 91281 98747 43444 53021 46519 14695 15 9562 33981 -2478 -3695 22767 69301 24737 68948 29429 5902 50633 
-76 -5084 63263 32123 61456 17253 -6624 21158 -5909 13101 63354 17006 87226 21259 94972 8347 93246 62137 63981 15095 35463 29740 85325 97188 21323 89143 66541 28765 60228 74762 66347 78268 76790 87443 63990 74141 63072 22175 68228 46690 97941 61286 9958 8084 27116 95555 53268 55934 27787 74011 60980 46606 59347 7658 48346 26068 57037 97046 87936 -2709 60215 86351 46067 80252 84182 13603 66461 26026 96542 59263 61146 66782 83777 20919 17886 25301 48129 27721 33033 40705 19185 17858 17161 43388 -2266 78715 80452 19244 -4716 -3657 11684 29858 44481 37620 17651 77182 67563 68714 -1436 87242 82273 97648 25524 71464 33094 47270 43402 97666 93709 75740 35782 63521 84220 56069 75453 58848 61358 393 37841 52268 
67237 942 43471 3296 79093 91078 29985 30123 -6866 -1026 74087 49395 85758 86708 -1425 27462 83060 20916 46285 90552 78158 96727 29594 94395 81870 90287 46074 22995 41228 80415 96093 73092 94888 -673 42162 23047 93085 71666 -7444 5757 61107 53205 30086 73077 66540 95709 -9505 43293 3735 17885 24279 28978 11785 45245 54131 3468 79616 28416 44754 25002 35016 31006 71982 8767 68902 88188 -5545 70736 22087 84237 1192 95868 40594 65316 -6057 26780 -5291 83 -5990 12961 8886 72837 21417 -9818 9202 94791 51724 -6944 92196 83545 17018 -2790 14785 41177 55699 -9121 97768 21866 58045 6819 54284 74112 31939 5765 95870 21011 32884 61574 22867 73385 4176 65012 70211 19583 21515 57428 87072 26586 20359 52604 
34320 36969 -1530 65692 -4928 74211 75194 23836 88501 28013 61144 18815 38200 85786 27101 36000 30754 57742 56515 83866 93162 91188 39474 84400 30094 93861 43828 69367 -5438 81356 -6575 30674 82039 61471 62059 48930 24778 22260 1412 66463 48027 41775 1373 89246 83153 94249 64931 30442 3950 85480 9481 83938 -5670 60909 98307 9839 88910 -5614 32831 78375 30702 2177 40887 93659 -4354 59307 -3311 87524 51544 6068 -6509 95396 61284 -6800 84108 -5162 56221 67573 40297 58852 32155 40374 39077 -3050 24394 96469 11673 83972 10582 67261 46666 32957 56487 13918 -1251 88843 14082 99973 24655 25548 94652 20870 68898 66276 66070 8354 24714 82685 27108 35432 13899 71306 28339 48433 32700 85179 31029 83380 1966 84099 
-630 94633 4410 47919 54054 -4170 75270 87872 58537 61475 77728 72687 56235 78706 62868 -2402 28186 68336 39987 32641 41494 65687 35317 95357 -1434 12117 4936 60774 9615 33281 57833 -9103 22522 68807 43260 88520 51937 70297 98913 45602 49122 75739 15913 41046 87060 31059 53363 92128 98653 8435 -378 44820 32182 -8039 62432 78287 29804 73131 25375 -5530 44196 65526 11944 41981 58253 77697 83638 39348 49793 14549 28221 61993 79849 78995 44434 10123 -5631 78713 87530 42773 98890 8484 84498 28902 79513 80052 30968 -4710 24158 55990 70751 52118 71327 18736 8467 24183 51813 58581 93277 45508 -1525 92386 1938 20408 79027 38055 71260 4321 39701 41665 14934 65278 86678 68488 37705 23140 24801 11926 39655 34719 
50880 37597 83680 -7832 57243 -8366 3214 94025 5215 71968 -9022 47654 91962 -5319 72316 25662 -9757 76716 64802 97130 12233 61965 82208 9026 47557 95793 3399 20661 71912 -1709 -3806 23719 72996 42580 -1552 4707 85954 9104 10157 60149 68051 43741 75878 11133 93784 29967 70525 65191 -8797 32808 47039 17697 95144 2455 -9970 99636 -9394 8653 31129 78648 46805 3429 53515 86008 52298 58388 23509 17174 4708 12499 -8026 33845 1595 99143 46066 95091 70327 39252 -9224 25164 54610 9892 90618 -9345 77893 25952 90875 51125 17438 84708 6628 68430 80204 13951 72707 66917 38278 73238 76889 19602 29762 49425 86984 -999 85849 57274 49621 40691 29044 33264 28474 13401 9881 93145 39007 34015 40142 -6666 45740 -2545 
39155 -6430 71153 74902 11227 83892 66083 46440 -3043 30336 92347 52043 4638 79495 85151 71899 -2813 73275 2294 27465 11471 54373 16536 41570 13085 58987 67714 6392 34135 99790 12350 68363 57634 2774 84271 67990 57413 41459 9680 53346 4713 21391 10321 -9296 73703 52397 80956 9429 21857 20061 7858 22254 -196 59342 15124 35001 -7093 35700 75689 30429 70450 1804 47640 69117 28818 34036 35929 93552 88302 98384 4241 46477 40286 66040 78247 45852 88748 62608 73479 94301 42992 64529 3941 8017 5722 8888 47296 33201 -271 54631 57072 34106 68528 25898 23187 69809 88132 18873 73566 3818 40165 99008 29278 22912 28524 16776 21128 55104 -7706 63714 34601 53750 -7941 -3074 64502 27567 -396 63200 47903 8114 
29115 82435 44981 3430 58264 14363 86284 90146 70762 20911 61911 60598 28676 53845 35716 58740 78778 55828 73928 1326 81696 87455 17294 64551 35251 385 19796 89638 89827 96676 90783 77967 43889 36440 26142 67580 52907 35180 71977 20364 74216 57531 83594 485 92475 19237 64615 34714 57894 40512 87220 70822 98321 94960 27712 48731 41480 15525 40363 -312 98747 16456 78134 97080 -1043 7339 -3675 82657 73947 39846 94703 70699 27017 72819 86181 88899 60620 1203 98865 -7864 50683 30767 58372 18259 15014 21240 15495 -2901 37335 31805 70469 -9716 43644 74021 3852 50855 90071 11199 15706 40137 62441 7459 5253 40147 51382 -72 36241 4397 80449 95192 10209 79127 30941 53962 62523 75590 81499 94148 63982 32694 
70766 -9463 -6035 90504 -5856 52943 15316 19629 16516 85278 63543 44831 28614 8645 38716 42936 17032 39375 -640 65594 72313 31676 -8593 70100 -6839 53934 63242 56067 38313 53266 35700 13251 85297 85201 -8705 25064 59707 81154 74819 8794 27418 63505 61737 62320 31846 6677 85773 78880 94354 66338 70123 30229 56899 6554 16611 44311 29438 61794 84847 55104 -8968 14180 94298 84576 54359 79713 75876 26212 93380 9665 70991 77391 23083 68104 86767 57334 63956 24128 24740 37101 51033 5454 35215 41718 -5852 12438 51159 27411 33906 88425 66888 3098 48446 -1718 2196 33719 88571 9653 36655 1578 30370 20806 37895 70006 30071 49635 18928 41523 71345 9094 60122 37642 25812 85098 9865 36099 78661 19544 60796 13255 
15760 22237 77998 36683 35527 736 54088 4289 75800 36469 69086 96181 85316 66553 49763 -1574 67678 98162 74536 24144 33090 69558 40712 70146 83421 34420 33138 18029 -9879 27095 64648 26160 -590 37045 22705 37334 65561 -9618 37695 36622 90429 54158 90749 61427 44060 4021 27789 6619 30203 56909 82891 80394 5146 72349 6804 34448 43361 44319 20583 10737 97447 84988 15733 31674 82018 15867 97617 49690 2773 31387 63837 86223 65175 89828 18233 6589 93825 82011 27830 16861 44154 81069 85334 -8182 56468 69998 85802 -6991 32994 24358 71805 30301 30663 34747 88636 450 77462 44525 92658 -1722 94192 87976 454 25944 76823 18886 91107 73580 98883 34756 38878 63665 26393 31053 35770 30052 37229 -3510 79210 44123 
55217 34105 5220 19319 58868 66949 59577 41757 58189 52333 19340 97760 75069 94129 3820 99840 15049 49894 4088 91498 49030 95831 12744 6811 26779 28375 -6216 -9847 -7935 61769 1255 93438 13226 41762 10418 23049 44654 66790 -6097 55374 10239 57328 42809 24323 72974 75412 70456 20764 48714 55198 46982 57102 3715 26496 -9524 60427 6426 95566 63594 96119 81203 25578 44571 33257 28129 31523 69166 64258 14837 49880 73973 23349 62424 98083 38100 23369 8870 73592 6614 26482 99538 48599 42344 98540 28739 16845 -4627 39856 29212 66214 99363 83344 29087 60273 48940 38586 53880 91741 82311 88011 25366 -4402 2860 4201 59883 7108 20345 72709 99628 37927 95008 58978 559 68806 46618 22810 39744 85236 34329 99010 
61914 11919 25111 6458 5259 7983 87549 -4791 58508 -5908 96471 37972 40580 -6092 20465 73082 51526 36710 51064 95801 91673 53451 88973 6310 8987 11948 90373 81911 78123 48214 48158 41075 34007 49345 -6804 78060 9765 13158 88268 57138 43389 68941 21401 81017 53611 61956 25343 81653 39476 68976 95127 89535 17964 1792 65549 44637 94288 4632 974 85577 26114 39539 41001 54801 60505 87678 71510 51591 1627 59273 38520 16498 11572 -6750 38661 7631 72808 7749 54736 39761 63405 27650 76460 41135 60341 43895 74681 89040 50096 33381 23519 13674 63952 81057 80582 13966 93095 90633 72022 6544 92534 43308 79603 40826 -1624 65228 38196 41930 59435 29341 11824 83196 47298 24890 71104 87812 81425 -5742 50185 47399 
31547 72349 92133 7463 10141 20435 45945 -5197 55217 40584 72573 90135 67308 31491 53173 -5910 81499 65445 28414 23528 44529 43770 36902 85454 76294 94781 21485 22346 27515 88883 28256 15554 20716 96334 -48 36365 970 25468 47160 60974 17653 79303 4477 52021 17083 54496 88580 -8177 79747 20691 38939 64390 -3292 32785 -7590 27867 81122 43295 -2856 -9253 59140 89397 38000 32461 -8428 98142 299 78870 60864 30816 13476 83813 64397 -6564 79724 40095 -6904 49961 76688 48089 68922 64763 11383 61669 92897 36953 78477 29187 41261 55672 38583 43806 34894 35460 68232 88128 33151 75487 14937 60469 -3475 53120 77565 -6072 44877 -3797 14767 7529 14886 46914 51680 4417 21344 88134 52886 -7619 2294 42835 86731 52186 
69444 48415 44174 84497 -7744 75459 57403 -3352 40002 44220 -5992 -3961 15640 49862 -3683 58970 -2048 94640 76101 -6143 -9179 81637 50559 74432 76010 18613 78272 94136 -7947 51996 42943 25433 35960 84064 28204 65466 94596 -2998 83423 72564 52819 -5337 76516 6378 32711 39973 71248 -796 52942 -2895 40778 95778 62474 81312 -5018 46924 -6533 42757 57162 44249 91341 23907 64243 72706 37513 55100 86310 -5820 90373 26089 44306 55770 85164 30350 42157 87680 82906 10179 93575 76804 977 59544 91528 13230 19887 -9227 9447 49021 75591 75079 -3054 89826 42060 -1410 72284 41396 62328 77966 -9565 57816 6675 44502 48198 39324 47185 84686 87132 37672 9199 7493 -2274 62447 9349 -6618 82699 82715 -6820 14462 96743 78400 
99260 9068 12971 95730 79628 65248 89501 43878 41018 53088 38248 83316 -2881 64121 21081 92548 59907 -6887 5254 75418 -3874 2573 20237 47757 78065 61292 24398 85285 -2519 31893 26317 60971 11045 81241 63726 -2511 83717 40449 79535 66871 -6970 11830 5860 87060 25168 27403 32260 38759 89916 76991 1735 65284 47044 43143 14000 21190 7021 5127 91955 36173 11446 64893 8364 83345 97275 95184 65332 98465 85764 55665 21206 40381 67532 88791 27417 22514 -1481 12503 59453 73943 36874 97989 9741 79004 23408 38585 924 5879 42136 48969 -5031 43298 99575 38383 96129 12414 50884 39905 74933 42624 -504 12381 -2224 63955 -3619 35136 -1776 87429 25598 -3166 80534 24338 65333 57771 83755 36896 16732 47406 20461 10057 
13680 23699 10280 41254 15398 21798 1587 17096 21248 68667 22808 57926 30044 92452 33375 -307 91922 23811 37595 16138 2296 98871 14673 87055 98527 25870 74028 29593 37323 21888 -3755 8686 58227 58901 45040 -2040 18930 64830 20818 83558 79562 5555 96445 39001 89174 48442 89769 74521 -253 84435 -5229 94535 -6605 71958 79114 -4032 98437 42945 23050 33335 12562 61444 60412 43731 85233 71759 69492 -4080 63710 98876 53606 34545 72426 38007 34273 92259 -9578 34426 67030 49640 1702 30094 19211 31432 7565 -8986 -280 49334 60029 59117 73151 49178 45844 97023 59779 37579 84941 19258 -1580 63031 49403 -4660 43212 99511 -5114 65795 72501 26411 80784 51430 74840 98139 23197 11814 4673 -2794 36577 84097 83353 63728 
-9014 41580 6610 82659 42144 58391 50709 99719 -9549 43470 70157 36125 40328 17248 -7628 54859 56944 70355 66146 33693 75191 57985 43988 37460 30187 62371 78952 98697 -7677 37784 59828 52001 97717 81878 8667 23777 48897 15264 5095 53641 5348 12552 8485 71 86834 87240 61315 40016 41155 56119 58635 77203 58874 96175 13168 7132 25185 88945 88078 75063 92233 79303 40107 24545 32286 -5935 81755 59514 -2661 70004 45034 43996 93369 33528 61761 38968 11990 -237 26553 -988 41468 32819 66521 2010 6346 12828 59263 20409 4049 67010 42803 51297 94893 68226 85879 16289 4327 -8339 53292 60983 51014 85721 80020 99421 56746 -1220 60940 50166 27903 71503 33688 14858 95837 10489 86216 18252 1713 45048 71428 8133 
81201 96738 66851 25479 69582 21249 77076 19235 57216 46715 80992 3297 91622 65744 66606 60053 92971 60565 76265 39043 52565 39548 -6318 43816 9844 92813 46449 51561 10348 15710 30985 54997 47198 32309 31067 38559 95264 1854 98413 15700 98010 69890 87578 53799 -9059 16802 8637 80189 51895 64205 54557 65641 55941 -5295 -2226 41878 67166 9791 -5774 44757 7931 31678 5594 37652 42335 84611 7522 51937 38696 89687 53774 38724 78182 -3065 85213 34918 9013 -9722 61480 71721 82501 6293 81636 43118 23053 87073 77906 72874 80511 6521 91147 -9892 98597 64285 5322 97551 23131 70962 10289 33025 10288 -3778 648 45185 96348 89819 -6074 70821 73221 17955 48613 52332 55975 40343 3621 56825 -9889 15255 -5438 96823 
47266 80865 17033 1131 91934 1934 54092 20760 37107 99309 21642 19463 29053 91527 4939 62158 25481 65507 -2753 31431 65840 24035 52578 62434 52291 59003 91252 -8125 81105 98820 26391 51014 9850 21359 -9980 -9832 60305 21251 32487 31486 42278 47320 92800 42930 15900 16407 7063 89450 -1845 -793 68657 -7012 30262 39415 78274 10320 79745 2068 74765 91397 32373 -6453 82640 36815 64299 43259 84468 94779 70751 23582 308 83423 79880 78938 81062 85678 44530 76389 22242 29915 52073 32376 56121 49508 50802 -2214 96631 50016 22886 76550 33452 76671 35061 15145 70024 32048 98664 34019 92414 15739 25659 73465 66694 39679 13567 -9463 37563 34587 49358 -2197 64763 32710 -2834 25297 12188 13610 84924 65382 36069 61161 
74466 95505 31850 36426 30178 8350 89549 3680 19194 72077 53451 71869 2340 38952 97797 89979 63457 89050 -4324 80143 98505 24249 15575 34074 70031 31591 64360 15763 83826 93828 3477 37859 -6110 7102 5075 -469 49428 34994 60080 50025 67295 54826 92926 76382 11737 28297 -8928 -580 85957 27558 84296 33290 6167 96391 51257 99284 126 62519 88983 60833 66470 66937 79549 69504 17247 29764 69636 29003 75505 22735 -1753 71480 12524 -4667 -1034 99742 64061 64485 10679 79588 56372 54492 23186 88577 93780 76182 -3514 -7044 88494 71994 61355 20336 82225 43201 71299 40831 66495 -8822 24706 95181 56743 81725 -4496 -6164 27210 72030 15469 15694 13906 33535 67500 53131 5348 89639 26721 90735 51700 93880 78323 34253 
27619 13012 62810 274 24628 64525 83983 67268 74885 23464 -2770 5155 81933 98435 29754 94380 79537 -9991 52336 85469 40087 7169 7997 66239 34119 64645 49352 48265 19746 90680 80609 7367 20322 84981 82930 14425 28233 93223 -8302 96188 42564 14989 18217 -934 8559 70861 54336 72366 59799 58900 3751 -9662 97576 20204 61154 66747 1176 -735 26892 29508 19432 4307 38332 -866 42738 31657 90407 39793 27904 71337 72944 74736 3828 49945 13568 87610 89461 -8651 74702 11755 37883 1937 19032 18383 43006 88674 17552 14828 -3485 41877 77007 99969 76126 25323 58873 24477 9911 8241 51032 11757 70581 15261 53251 21576 78460 36536 74197 26074 65516 89738 -1586 86753 49586 25686 17340 40286 44676 62416 58495 40510 
69178 36664 43635 92239 78939 98969 13352 -208 8845 46834 16730 79266 85606 70172 2934 50844 72576 91744 45992 63108 12815 39705 21375 13187 3908 75978 1524 73155 32267 98756 -3241 58465 -5860 4723 79620 53936 1952 93576 40174 34125 14249 81596 -6268 -6798 64183 88884 2611 47507 87426 34721 -6931 4866 72558 55668 71063 42952 95671 58812 67744 29334 18482 89924 49236 65832 61676 43366 61158 66159 88424 79396 95663 74573 38358 22812 51894 87538 39716 48547 45864 96399 34910 60016 36844 80760 90342 5939 -4741 48617 44969 41723 84546 83538 86516 5950 95482 -631 94593 46618 69465 -3467 55354 80394 25427 45772 82470 40635 35543 -650 2509 47367 21042 84461 36332 -1864 43776 93837 89926 28510 6069 97972 
96267 15039 95147 14450 10276 74270 57192 48882 40986 45189 23414 80837 65906 55363 271 53889 24683 69471 70852 14047 34764 73791 19695 29463 50824 87195 -6773 32782 75082 87749 35072 61936 47897 56452 57937 29879 48867 37628 89047 77780 74016 62034 5539 -6084 50646 61659 45309 78106 81457 -2042 40418 7713 92517 87210 95756 30329 33556 87999 39084 18061 36512 17472 4616 86910 33420 68160 57839 87233 58556 77242 44523 22622 47426 72844 583 91956 80059 96347 21977 38491 70896 5365 35913 52956 93239 57825 51158 -5898 99829 15044 79651 60807 70833 34226 16057 77871 34331 20635 68248 8073 68123 64105 76113 12616 11848 62393 37129 29835 59109 52223 45214 78016 83020 59536 51841 31111 91480 8236 61288 55821 
3953 -6582 77474 46205 56610 21276 27411 76612 97297 94885 3254 34901 86283 77632 57612 11165 15661 74879 97409 29314 35089 24599 -5069 -7761 99292 64539 16259 33986 -1519 -4819 18750 11079 5539 -8123 13931 54929 76861 96241 47084 11945 56490 32515 58737 46975 65810 38361 -1154 43183 5430 65783 66082 -1102 49766 7715 12581 92112 20037 31723 -8749 9691 14105 35829 59657 24293 85976 29604 14234 56419 32621 87166 51791 56549 37813 60545 53399 31094 61882 15441 60806 51920 67108 53779 73875 83010 41628 75770 42233 5677 87265 33382 5014 65112 42060 1118 12693 63942 35832 91648 -7481 18243 54636 68363 18704 -9248 1425 53183 74334 67218 12270 7512 80297 80498 19698 66070 49868 6979 5532 41887 45664 -2022 
40124 84127 82492 63972 89249 -6576 22441 67821 85129 12077 57548 57720 5232 55084 89236 13791 49623 35117 58227 -4535 97638 59272 9584 11313 3625 82909 91621 24612 74652 64974 68236 45465 62532 38832 23681 14612 93153 74345 41731 37692 37875 17136 54437 84615 14852 26331 50944 23427 43358 -1705 37816 57838 31450 70337 9775 -4775 -6968 41502 -9338 63107 6413 94098 30846 55076 59229 3738 98531 55667 90471 77637 56797 25107 66106 19819 72418 77767 61403 31567 52966 43720 19763 3918 96026 67637 9697 2809 75366 27906 9242 87717 52067 7955 70062 -2932 54851 44790 -4907 77593 -4534 -7416 36957 14551 93176 53216 20918 4894 78028 32179 -5436 35127 97664 1853 62347 28673 60025 81645 4706 91773 70166 20118 
78601 28148 99191 57424 79103 78540 54544 5904 95192 45587 4108 73304 10845 45101 1106 82163 31433 94457 -4975 56944 85816 -5459 63516 87821 15782 38007 16897 22869 -6372 -1780 -1551 -5599 43897 43368 40994 74843 76250 71700 68856 58388 34130 58664 -2045 70244 86618 78971 18120 85595 47101 79559 50005 83094 12912 69499 30331 50443 77088 84790 24859 -7153 69291 -4062 16579 38624 44131 45322 94047 -1778 71809 81963 11360 43863 34288 70811 67479 30666 70327 93719 84783 4109 7669 8135 17303 -2614 50567 -118 29490 31350 940 86684 -9901 15644 56617 72129 45581 9385 86315 83392 34139 -8194 73999 71444 54654 25325 29842 82322 52401 78276 70651 81714 -6214 17256 73990 35605 93483 71106 4048 81643 -5078 88843 
44233 65913 69531 50517 -1821 56934 85355 39568 45937 38642 72274 -3766 44215 48642 61937 30772 88567 42993 92812 77066 20080 27201 28401 77781 50413 35437 -5618 36083 -4567 45782 50311 94889 82415 74055 67888 91180 60533 70755 66648 96527 45841 14425 43414 59216 20819 41219 84965 18671 36842 48026 55011 18276 66316 86797 8043 64624 64083 70455 46289 -9556 74004 94428 38510 91128 4186 58469 14934 13844 85394 39848 81335 -4198 42255 82653 24621 38266 -5668 64046 -5410 47654 21046 48829 64058 42917 84815 56873 59170 -2309 17689 71302 -2833 31809 -5644 71286 -2249 96295 88989 69877 51500 -2681 -637 98710 83632 50843 61315 6192 98650 63302 77735 61070 26378 97203 76315 93964 -524 21594 18932 21430 87107 88850 
23785 43128 95565 16054 72402 15088 4257 16020 78727 -3775 46438 40380 -6972 98910 24306 71923 92974 14068 -3689 89248 -84 66637 49455 98229 -6591 19507 36478 38532 21529 18024 61263 1888 26489 13841 -7525 29980 -8485 33197 85943 89706 48665 42228 24527 33849 55961 -4004 65611 92463 -7022 3113 66520 2182 70877 9126 49648 69275 14946 56301 37446 48558 76874 64614 96108 3030 4167 30168 76770 50609 2662 48344 72079 80519 73624 24016 96573 22184 79256 89978 70460 -1924 13512 12716 24298 16854 31467 45317 20978 21502 55202 15899 73243 74683 74772 90502 16157 10558 51881 78271 79688 -7382 61735 26353 12748 28718 9804 41119 60777 79886 99899 80225 50399 -5093 18620 74953 87123 47529 98873 84943 36696 70839 
28920 91279 40078 98438 15675 22159 -9554 21497 -4346 6244 12403 45885 61541 68319 30034 85904 44865 67658 17611 60948 13721 9432 29908 69627 70533 44301 -5266 41195 236 76148 18698 13825 -4030 -8994 62492 66203 77966 2232 95631 99659 35239 28067 49093 22753 8533 -4403 69278 53297 -2300 94577 45436 51041 -3138 18605 58701 49217 55428 85493 5206 50910 98492 74190 69403 77803 88259 63334 14808 33852 1220 42973 98775 56632 72076 92739 97797 66349 42333 15792 37768 31004 69242 44138 -8227 -9115 55521 13853 27483 73426 13478 44990 31761 60721 79744 14271 3121 47942 36487 89337 69597 -7267 5247 12168 57818 -3943 65912 -5575 28595 71444 -4046 16715 99353 86718 84809 2583 65772 53184 34784 74279 30703 39845 
26537 80544 98704 17189 73674 65963 16879 19365 -7746 33468 3276 41467 60274 91561 28174 27583 19536 36433 -6395 702 88208 97036 42941 47958 97497 14838 92560 83022 30972 -8525 23299 79658 90539 12276 48114 96953 55823 -4465 19776 5303 87640 70935 -1410 82914 56422 64239 -847 13160 38511 70210 90275 46300 13817 66938 38905 50422 82591 1300 69768 57134 52890 92978 41081 78604 96850 95010 67413 19739 99769 1955 61362 4563 57278 25371 1556 31362 79933 32775 84774 48350 47004 72694 17947 12353 42845 -7297 84063 7933 56229 52218 58215 68785 60326 99973 87164 72224 92935 25134 41038 25698 65115 83046 34003 85589 10327 47139 45501 52367 16153 -6765 41132 24239 64 17629 89960 -6286 35332 96709 13346 23228 
16144 5241 82229 -4759 97058 19415 88927 82313 79042 82258 39122 81960 32622 -1351 27118 97105 97596 43888 63293 79663 80547 72711 64856 39717 90595 74398 30446 24457 45681 26071 70686 17349 50903 -766 44191 98459 57899 60368 30531 15927 15984 12239 91864 5226 84341 58705 73334 90496 44490 70770 3230 84037 58550 83798 52776 50523 26163 4500 22164 31303 65778 71596 24154 25114 36852 69414 30324 81424 22161 78696 37373 64503 74674 4096 -7526 59535 53056 64609 92272 34410 1493 87819 91047 570 34183 20499 24851 89480 16042 -5688 57083 36465 43896 53735 2406 47986 89377 33143 64121 59038 24428 96763 51663 33116 17214 74255 67295 95469 -6260 64977 55993 -2359 98365 64694 57901 57765 74636 54532 77129 31672 
79591 84902 20299 -359 38169 53188 46534 83296 62695 16909 57691 44332 2855 54975 23481 86002 70977 72101 46543 15768 82216 88094 65139 91523 8749 54619 36159 4388 16739 28342 52253 3485 68589 46031 66250 691 97815 66680 91065 21109 59512 67422 57167 81729 -2439 84332 70838 40875 36355 -6977 77217 98149 47904 26497 14088 98549 90523 43571 33060 24107 34833 74191 24302 74580 31429 98167 48961 23861 -5524 77307 67158 36998 43073 39700 61783 98757 67265 84384 24429 -4443 20510 69615 74963 12516 61287 62974 36487 30074 79609 2914 25695 76808 45145 16207 69127 35026 6589 25841 23614 69731 47188 -9676 38360 18973 31616 5546 95230 59035 29575 43591 61201 5687 34885 19323 8536 32151 83022 51487 50436 74443 
50946 86650 67407 47088 12887 81922 25385 34604 93957 63510 5839 25945 19878 14490 -2306 7435 23923 -5598 49175 83095 24362 62949 44982 53246 85716 13392 73135 -225 53415 5753 23779 44433 46532 16125 -7934 68575 62577 93048 60037 83813 66510 -3995 20204 51304 50390 9867 26145 99024 37263 25823 81867 10636 78061 69207 69872 98564 17763 989 2198 54495 56122 97706 86815 66554 77374 24184 70046 35618 47617 89513 65256 86621 32958 19874 54482 58894 58518 1599 41947 14340 74201 74894 -8269 6908 69766 15826 20988 3608 6016 24933 -3518 99827 36068 41534 71356 73176 93957 84781 98997 38689 38213 4177 39200 32053 49738 40962 44307 -7849 93016 53035 98636 23938 9006 11294 76543 35819 54362 93172 78609 962 
7474 67241 97800 91355 42616 41717 42044 87426 55675 53914 -4578 93144 65490 -5321 4530 27925 24016 -7923 60246 51026 73353 67517 3461 69094 48086 12720 68967 90189 26904 98100 46145 -5563 52068 51646 -4835 34550 5966 50995 20715 19084 77895 83050 14096 5246 21287 87857 44873 72284 47512 22258 5835 50311 24132 -7510 12379 40143 91713 -9690 66631 88884 9827 7421 62865 -1296 91480 96373 16076 77609 55131 22069 -1598 19618 28569 97502 95854 28195 50490 34983 857 1094 -3127 92917 76233 94259 63157 56745 61149 91544 48954 -142 17463 18592 42240 86592 94781 27484 36789 52884 24569 64313 271 53165 41488 1784 8110 85985 13798 67730 78877 40871 29388 51961 64538 61665 15820 77682 75161 43004 12937 66818 
49007 61416 7102 63405 80007 -8026 16105 -1023 88145 70270 23637 40295 7201 1157 79967 20361 27117 45637 4351 32560 72385 63037 72301 -7700 81411 68615 67402 6033 59641 74799 4529 78468 82818 51404 61748 80544 80572 50436 73218 72500 37616 57775 45949 -6638 94517 62051 83300 61736 33244 95713 39754 8875 80423 13561 63705 59022 -1192 33695 99060 96830 70485 99166 81466 39341 68852 2534 72364 12628 82119 -391 25150 -4893 29649 86099 97763 24176 31083 6532 73599 5407 31276 12082 2378 12935 91438 1560 7287 11156 57823 86773 5015 60551 12225 4879 44409 63176 49292 74565 98883 54901 -1092 32683 80048 27145 44158 46467 -4500 88201 93635 36214 67216 41816 28669 98682 5812 17434 47610 76979 85437 -332 
-6359 -9618 76268 13355 37356 88966 28990 81781 -6728 72586 11616 10789 71734 37306 19728 -8690 81181 44832 2039 81367 23707 -3186 32406 63012 91803 94671 -2370 37091 51545 33417 54472 4054 47873 4332 17729 11237 20698 57214 69655 60248 6246 48563 81496 39045 42695 -5659 63907 77103 17019 38194 97304 96446 63553 62752 52931 89631 95944 75277 27647 85163 66330 13186 41641 55497 76859 4710 49981 26772 37560 79109 11054 32596 86768 11105 50250 75723 99978 968 76946 88953 78185 81676 65658 6320 5648 94783 -366 17535 12036 -4802 54433 60673 464 77183 61259 99996 1714 3818 43121 75847 87509 51409 83686 5322 21212 35346 -859 35605 51558 75766 81053 76195 86434 99384 -7737 -1481 23961 53229 92905 980 
24857 58560 46133 6647 40058 97354 25207 31333 26979 81993 89240 18058 87354 86298 32096 46591 2573 89486 29392 76683 -7319 -3547 65474 -3948 20823 80173 17717 34021 33427 -1358 67817 87448 88112 44459 98406 31526 40794 11794 26243 38090 29689 76549 58737 93373 9967 64653 16068 57633 55993 27395 -8874 21909 20548 3008 77061 14743 7692 85721 5138 78744 93510 76816 54043 9633 49847 53742 -2968 44254 6124 4280 63531 26824 67250 60092 29683 5801 72617 70911 77875 83164 61214 64507 64356 58121 47843 17126 35244 50206 6712 80473 -6164 -8007 6291 6874 11145 78395 77591 5589 64646 86629 97220 54141 19521 56731 53905 80454 65192 85643 23211 99052 32814 28451 -2032 24606 29339 56174 86008 51371 2323 96146 
61472 35395 75607 41126 69615 21201 88270 72718 27520 61576 68143 -4763 44951 33055 -1810 83206 8574 95745 97748 81392 -7057 88122 10956 -6324 80136 6160 6795 4330 32949 82654 35385 90619 55167 61036 2029 13644 75361 88986 99216 14629 98823 55855 55182 52257 38402 26136 40690 70291 22620 73896 81675 4554 2772 -2688 15651 96697 90406 63998 -5145 62194 74692 47060 9485 -7793 82954 63767 98260 76945 81936 64008 76089 -1612 84769 76364 -3495 97283 30052 81947 38526 -65 27997 61767 46990 -5965 91351 71295 55854 31262 68054 12499 50791 62166 98592 7043 10411 96825 92258 53083 53066 23931 89721 7259 95585 68900 27385 53770 53491 87399 -1299 -4109 17707 23875 2590 84247 12785 58250 96258 55848 -8466 68225 
96153 39768 50761 95451 97241 81103 77891 97778 17217 83873 62577 85792 48981 1233 86814 84347 50412 -1454 88511 70167 75843 9917 2329 -2502 68547 9808 23680 87941 16078 94587 -6476 23284 81928 28319 31776 75805 73868 43181 84572 86257 11187 71623 67372 51282 22532 37678 51705 86617 49622 99742 14744 96160 40553 44342 -4464 22070 50123 3945 93099 74028 75512 99297 -2970 18169 21811 84126 80545 93763 50799 4036 97721 46849 90087 53664 31556 32796 88725 -9205 37292 80221 47661 36973 50245 87021 42276 14709 8581 43300 26815 9976 86469 93229 59064 59093 12921 53627 95035 -2707 34939 -6901 67263 80011 4018 63734 32465 -355 58120 -384 60122 90531 91249 38092 43359 31561 36681 70465 3860 14645 30109 77105 
74545 28568 78915 95450 73316 87158 51338 -6414 -827 10117 71508 20171 71677 75387 36935 95110 83350 97384 69277 37159 34755 59932 89639 1110 64804 20522 -5976 75087 19665 49515 57030 90479 19839 69565 11296 37749 80684 61603 83668 93688 -4742 -2936 29426 -9788 23445 54117 95111 92921 48806 74124 77091 31172 42129 51815 -3926 17890 71051 18582 33873 54901 47323 70458 69056 -959 97094 3164 96043 32168 86161 14712 22105 40335 34409 46504 76108 1436 87010 37853 39704 52362 54562 60009 86689 73836 48271 88478 65133 55152 63230 17076 5265 79162 26244 17882 11367 97364 62899 72336 19920 57130 96493 84782 73765 5418 96796 86573 7924 3641 39450 15095 43843 36458 34546 76674 43809 39978 -4720 5174 22714 35490 
31686 63450 99786 54460 -7438 99406 97866 84184 53446 27545 95047 85426 74120 -7630 71672 42851 -2327 21917 9933 21873 46162 61508 72745 59928 32765 88352 13894 3758 22912 35803 813 86023 -7146 33862 24780 58192 -992 15846 23852 -9078 18176 -9073 -9346 61582 -502 9259 75071 20517 42790 557 394 57909 52417 8611 71283 38580 36549 95161 58269 53470 62501 -6295 57975 36899 52460 23226 43637 60812 5118 32374 57625 20229 30138 42834 44602 77299 -1959 6637 4760 2266 10863 13950 3175 17659 60072 71138 99810 52140 20363 13595 47725 41965 62117 -6068 21772 4184 92077 88833 95507 5109 80020 2189 33451 22117 76869 51609 56622 11289 33730 20047 68037 12972 54149 7033 -8306 -232 57124 76593 92364 74730 
27190 74817 41627 -918 77229 -7465 6838 48324 37915 41610 -4075 88729 42057 88580 21353 32014 -1355 49236 81522 99580 52125 97649 13723 23950 42699 73348 56028 91764 70864 71668 5836 2291 -1614 42195 96331 -9837 83120 88068 69089 54595 14506 -6813 5765 39242 -537 13831 31713 60787 28455 11599 -1548 46154 90738 41706 46971 4960 50973 82111 80583 36379 -6024 16614 51612 10501 80001 70033 94179 10274 10719 34648 90010 12111 80173 671 43540 64415 78894 67300 63235 84249 -2633 53155 28090 -9875 -2132 -592 60610 -6868 54164 87583 13336 72605 65880 45016 72393 68853 62317 84128 46803 27667 33622 -611 -6491 92268 67573 11558 935 5542 12570 11640 92200 32358 44731 65544 -3267 87015 83486 12489 3570 43335 
44512 45910 12214 -278 -9543 58572 16707 30079 -2624 53592 27164 34953 77691 80228 4675 96507 92543 19388 72253 81929 21588 67921 -8886 94170 68467 -2411 -481 -1472 69607 82661 93425 21810 88592 3284 -6910 51523 12291 93870 45764 27278 34956 90969 56172 42525 32282 99160 8585 75955 95271 58598 -1700 69537 77204 90649 13603 -8618 18791 45067 82874 96751 42578 30652 61936 -4174 57550 13221 -8169 53724 17682 88309 15748 32762 93228 57516 77323 40337 27451 8747 27067 46598 50652 58205 57772 -1758 -2191 7778 -9635 25254 -2916 51034 84324 76747 50405 23266 29217 90343 60246 73288 30604 43144 10442 3298 -2648 66192 -2422 15653 54084 63857 19010 10958 74378 16861 17241 7141 7798 73813 69315 20961 8434 96470 
55328 44566 35787 93142 36689 79467 12163 -5501 40159 -7439 25472 92882 59530 97114 31947 42700 45473 859 24691 10047 1337 95034 42797 14035 56911 11270 81949 47004 93246 34778 86433 84065 40121 -6176 21761 45652 48822 39443 15036 21946 41157 81865 84201 24161 80765 50637 48458 28551 80504 10479 85860 56921 36174 18208 -2674 99813 81042 47736 23970 96629 82777 38690 48223 3290 24803 78552 49114 70162 3010 11760 31364 -6679 84284 41972 90646 27628 6736 65498 34005 1531 71085 79868 28032 38190 60349 55571 18581 90014 98603 22136 47781 63673 52340 23709 44338 61821 78886 92854 2131 85411 67659 69051 -9622 49226 4365 62313 67958 39111 3987 -8296 75377 29858 58282 20254 17708 56179 41365 -8615 33636 19626 
60402 80346 94929 93344 40692 15534 86555 37443 58048 63566 61791 78595 57906 67999 92343 87130 44558 10457 2693 65603 5311 98411 12543 32453 -5474 66339 5679 24107 10352 87074 49023 62877 92498 14993 82468 99166 5046 24189 69355 68842 1993 35927 23703 51475 47955 40370 59861 84250 85999 -9622 6553 18052 26909 31125 81740 32730 20585 75117 75594 70951 56114 73384 76081 42283 51941 85414 43150 21752 73717 67137 25877 88189 97581 80551 66691 15553 62431 91143 56816 65801 28554 81537 56212 12555 20045 48480 59569 35886 36372 32039 9943 24589 98051 -3447 34695 18661 507 78454 43871 98593 55891 28606 74699 45743 96594 87406 73884 12921 -9572 29018 52375 74633 91502 78516 57247 60549 43182 62789 98914 -2122 
42583 91870 44711 63959 16365 -5335 25887 93718 72945 46015 43556 73345 96530 88996 37672 522 84551 48271 -8986 60180 36774 56723 45853 20133 6030 98244 67641 34036 51092 77584 81419 36104 -4470 69103 71186 16760 14336 82802 62061 1169 77344 98123 53535 80705 -2191 11833 10316 86068 10182 63787 46095 94299 27967 67225 12854 64432 91362 74624 80888 88946 11036 91442 95888 24010 61552 74179 66094 60553 96867 13289 31736 76498 14615 46043 34300 80340 14381 72715 25238 22309 -7705 33535 32245 29491 92113 80221 87996 -4179 57657 44478 98635 88023 68253 60306 19111 -414 35965 90481 -8527 95910 70703 65944 9749 32824 -3278 89862 24554 52295 85794 79364 69584 88930 39074 66840 48734 24758 10172 64902 78174 99417 
63709 49749 32328 4139 44313 28476 50088 85451 35559 93702 41107 40832 82424 49436 89769 66631 15072 74569 38929 -8313 74498 98067 37884 -6397 78464 88110 29713 97087 6631 3344 5984 9302 6851 40845 5531 61907 15599 37691 46785 -8143 -4436 55883 -2187 13519 12869 10544 -1366 60489 51937 79439 53159 84724 84888 91479 3266 36241 10142 -3719 59638 52102 -7414 26081 64163 46518 88287 53371 7185 33357 21443 7920 10675 34259 8480 -3379 73079 55845 28297 36310 41849 11618 53288 23671 47788 -2315 14992 53851 18577 20261 99433 79424 48840 87295 83079 -5071 75994 22827 11441 98158 32142 96191 60451 67012 97529 49513 95041 -3756 127 38807 565 -6353 67639 12820 34210 -3663 4544 43990 68947 -8165 91348 42187 
